Pattern,Best_Model,Best_R2,Best_RMSE,Avg_R2,Avg_Convergence_Epochs
Periodic,B-Spline Expert,0.0069796567035858015,0.9955071210861206,-1.8817407433727769,2.0
Non-Periodic,Time2Vec,0.0,0.9989995360374451,-2.237407961154299,2.0
Mixed,Time2Vec,0.0,0.9989995360374451,-11.778761488906632,2.0
